Y16 Table of Table's

Given a integer represents N. Print the table of tables as follows till N.

Input Format

Single integer represents N.

Constraints

1<= N <= 10,000

Output Format

N * N table represents Table of Tables.

Sample Input 0

10
Sample Output 0

1 2 3 4 5 6 7 8 9 10 
2 4 6 8 10 12 14 16 18 20 
3 6 9 12 15 18 21 24 27 30 
4 8 12 16 20 24 28 32 36 40 
5 10 15 20 25 30 35 40 45 50 
6 12 18 24 30 36 42 48 54 60 
7 14 21 28 35 42 49 56 63 70 
8 16 24 32 40 48 56 64 72 80 
9 18 27 36 45 54 63 72 81 90 
10 20 30 40 50 60 70 80 90 100 
Sample Input 1

5
Sample Output 1

1 2 3 4 5 
2 4 6 8 10 
3 6 9 12 15 
4 8 12 16 20 
5 10 15 20 25 


Solution:

#include <stdio.h>
#include <string.h>
#include <math.h>
#include <stdlib.h>

int main() {
int n,i,j;
    scanf("%d",&n);
    for(i=1;i<=n;i++)
    {
        for(j=1;j<=n;j++){
        
            printf("%d\t",i*j);
            
        } 
   printf("\n");
    }
    return 0;
}
